[GstAudio]
DialogueVolume=0.700000
CarRadio=0
VoipEnable=1
OriginalVOForEnemyTeam=1
MusicVolume=0.700000
VoipPushkey=1
SoundSystemSize=1
VOLanguage=0
Volume=1.000000
VoipRecieveVolume=0.500000
[GstRender]
Brightness=0.680000
Contrast=0.440000
[GstInput]
Scheme0FlipY=0
Scheme3InputType=0
Sensitivity0=0.500000
Sensitivity1=0.500000
Sensitivity2=0.500000
Sensitivity3=0.500000
Scheme2InputType=0
Sensitivity4=0.500000
Scheme4InputType=0
Sensitivity5=0.500000
Scheme0Sensitivity=0.350000
InvertScrollWheel=0
Scheme1InputType=0
InputAcceleration=0
Scheme3FlipY=0
Scheme2FlipY=0
Scheme0InputType=0
Scheme4FlipY=0
Vibration=2
[GstGameplay]
CurrentSoldierWeaponIndex=-1
CurrentSoldierWeaponList=
ToolTips=1
Subtitles=1
HintSystem=1
PunkBuster=1
Telemetry=1
[GstPlayerProfile]
MPPlayed=0
IntroPlayed=0
[GstPersistence]
FavoriteGamesConnectDate=Empty
ClanTag=
FavoriteGamesConnectCount=Empty
FavoriteGames=3789002014,22595a7b-ccf6-404f-97ea-b854175e34d4,Penny Arcade West Coast Server;2598096996,3a615723-2c21-4433-aa0b-55445ade53fb,*FMJ* West Coast Server - LA\, CA Ranked                                       ;3234951780,90f25313-affd-456e-9c37-cf0f06275eb3,Cronkllr's Den TEAM CroniX   West Coast LA;1702940291,3a8265d5-4540-4980-b602-2da19caae60e,[=SL=] RUSH! West Coast Server;4124713841,70f95d72-7c6c-4708-9be9-80f760539bc4,West Coast Conquest;636072905,4268bd8a-60c1-4d3d-a663-c33804125a3a,United Server West  BC2 Server 24 Players;454192971,ab8c5108-4a29-4d7b-a7ee-d7b0f436c6e1,Smackdown Hotel [KGB] West Coast;2705654553,24f1c028-9173-44d9-bd2a-cb0bbcadd64a,24/7 West Coast Rush : -|TDB|- The Devils Brigade : TheDevilsBrigade.net;112639180,a797de16-1cc1-4fbd-b52b-d84c4bebd813,EA Official Ranked Conquest US-West;1564598765,f2e9df35-a212-447b-b194-4f30245068ab,Wrinkles Whisky Tango Foxtrot USA West;569529688,d5c6de52-727c-4cf7-a8d9-c5a9a12f5289,=GiB= bc2talk.com West LA Rush;327118221,3e076e61-8fa2-4765-84c4-d964cfe1f232,SCE West Coast;427422759,a13b9bb4-2234-40b2-9172-bd8058b65354,The Frag Farm -=West Coast\, Seattle=-;396442629,6ce5b354-fa01-49fc-b94f-f88a4c427b4e,WestCoast-Mayhem;2482858350,b2567e15-1680-4b87-ac84-9cba1824e34b,digital-Anarchy (hardcore) West Coast LA west coast los angeles hc HC ranked HA;2423600685,ed506cae-43ea-4fc7-bfbd-93b8bda493f5,DiNk West Coast Gaming - NFO Seattle Ranked;

RecentGames=112639180,a797de16-1cc1-4fbd-b52b-d84c4bebd813,EA Official Ranked Conquest US-West;3789002014,22595a7b-ccf6-404f-97ea-b854175e34d4,Penny Arcade West Coast Server;4010142691,daa08f51-210d-4b87-95b1-a2c1850c4882,6th AD Rush Server - Dallas;2598096996,3a615723-2c21-4433-aa0b-55445ade53fb,*FMJ* West Coast Server - LA\, CA Ranked                                       ;2537301737,f8da8085-30a4-46c6-b28f-35da24ad907c,iNs = West Coast = Insertion-agency.com;1564598765,f2e9df35-a212-447b-b194-4f30245068ab,Wrinkles Whisky Tango Foxtrot USA West;454192971,ab8c5108-4a29-4d7b-a7ee-d7b0f436c6e1,Smackdown Hotel [KGB] West Coast;4280573277,01a0d4b6-13c5-46dc-b7f5-f069bbefc2e5,[FR] Battlefield Solo;
